1753989727335 0.001 0
1753989806518 0.001 1
1753989884879 0.001 2
1753989963557 0.001 3
1753990042452 0.001 4
1753990121983 0.001 5
1753990200507 0.001 6
1753990280631 0.001 7
1753990359488 0.001 8
1753990438865 0.001 9
1753990517805 0.001 10
1753990599633 0.001 11
1753990680257 0.001 12
1753990761074 0.001 13
1753990840380 0.001 14
1753990919588 0.001 15
1753990999447 0.001 16
1753991078878 0.001 17
1753991157510 0.001 18
1753991236390 0.001 19
1753991314499 0.001 20
1753991392857 0.001 21
1753991471004 0.001 22
1753991549421 0.001 23
1753991627667 0.001 24
1753991705821 0.001 25
1753991784327 0.001 26
1753991863049 0.001 27
1753991942084 0.0001 28
1753992020945 0.0001 29
1753992099790 0.0001 30
1753992178566 0.0001 31
1753992256864 0.0001 32
1753992335726 0.0001 33
1753992414306 0.0001 34
1753992493401 0.0001 35
1753992571795 0.0001 36
1753992650190 0.0001 37
1753992728875 0.0001 38
1753992807678 0.0001 39
1753992886345 0.0001 40
1753992965154 0.0001 41
1753993043898 0.0001 42
1753993122185 0.0001 43
1753993200401 1e-05 44
1753993278929 1e-05 45
1753993357258 1e-05 46
1753993435524 1e-05 47
1753993513967 1e-05 48
1753993592692 1e-05 49
1753993671176 1e-05 50
1753993749805 1e-05 51
1753993828360 1e-05 52
1753993907956 1e-05 53
1753993987023 1e-05 54
1753994065893 1.0000000000000002e-06 55
1753994144453 1.0000000000000002e-06 56
1753994223609 1.0000000000000002e-06 57
1753994302561 1.0000000000000002e-06 58
1753994381746 1.0000000000000002e-06 59
1753989727335 0.001 0
