1753989727273 0.7979439235598063 0
1753989806459 0.8374087705630031 1
1753989884820 0.8462026166617413 2
1753989963497 0.8497470202115179 3
1753990042392 0.852501589519025 4
1753990121923 0.854036482819762 5
1753990200447 0.8555946592160761 6
1753990280573 0.8567301578772981 7
1753990359431 0.8573086532520215 8
1753990438808 0.8580393842516724 9
1753990517747 0.8589187688615462 10
1753990599568 0.8591766739202464 11
1753990680185 0.8602853074711871 12
1753990761011 0.8605467945445916 13
1753990840313 0.8605217204416624 14
1753990919527 0.8605593315960562 15
1753990999383 0.8610769327208089 16
1753991078817 0.8611557370443006 17
1753991157448 0.8612094672648631 18
1753991236326 0.8613652849044945 19
1753991314438 0.8617682615587137 20
1753991392796 0.8621192989997224 21
1753991470941 0.8619043781174722 22
1753991549360 0.8619384072571618 23
1753991627604 0.8620136295659494 24
1753991705758 0.861796917676347 25
1753991784257 0.8615640867205759 26
1753991862990 0.8619921374777243 27
1753991942023 0.8621264630291308 28
1753992020884 0.8684469279746393 29
1753992099728 0.8699280910548138 30
1753992178505 0.8706212109000707 31
1753992256802 0.8704725572898476 32
1753992335663 0.8710420976278107 33
1753992414226 0.8709059810690523 34
1753992493338 0.8713501508923694 35
1753992571733 0.8717280534436593 36
1753992650128 0.8713107487306235 37
1753992728812 0.8718355138847845 38
1753992807615 0.8717602915759969 39
1753992886279 0.8722707286713411 40
1753992965092 0.8719644664141346 41
1753993043834 0.872412218252156 42
1753993122121 0.8723262498992559 43
1753993200335 0.872077299877316 44
1753993278866 0.8725966920094207 45
1753993357186 0.873402645317859 46
1753993435462 0.8732719017811568 47
1753993513903 0.8728904172151627 48
1753993592626 0.8733739892002257 49
1753993671113 0.8730426528400899 50
1753993749741 0.8733041399134943 51
1753993828292 0.8731984704797213 52
1753993907891 0.8730677269430192 53
1753993986959 0.8734098093472674 54
1753994065829 0.8734474205016611 55
1753994144389 0.8733148859576069 56
1753994223546 0.8733435420752402 57
1753994302497 0.873191306450313 58
1753994381682 0.8735978651192363 59
1753989727273 0.7979439235598063 0
