1753989727238 0.6137896952427413 0
1753989806440 0.46797726394330963 1
1753989884800 0.4373925703281632 2
1753989963476 0.42266431347938777 3
1753990042370 0.41334862964091906 4
1753990121902 0.40815814178018756 5
1753990200426 0.40274499246732226 6
1753990280553 0.398475955100215 7
1753990359412 0.3962517603636181 8
1753990438788 0.39292779304627307 9
1753990517727 0.3907812123764766 10
1753990599546 0.38986454163398043 11
1753990680164 0.3881625255821848 12
1753990760990 0.38600224863847343 13
1753990840290 0.3861974320893278 14
1753990919505 0.3856347692121926 15
1753990999360 0.38485354739467875 16
1753991078795 0.3831420632181615 17
1753991157427 0.38291373122708733 18
1753991236304 0.382545814634606 19
1753991314417 0.3832100562967351 20
1753991392775 0.3824327532801929 21
1753991470920 0.38167711924485054 22
1753991549339 0.3816850893660595 23
1753991627583 0.38193558905241864 24
1753991705738 0.3831543870391091 25
1753991784228 0.3828120689628404 26
1753991862968 0.3823006690298717 27
1753991942002 0.38323040465494507 28
1753992020863 0.35762434671082394 29
1753992099706 0.35106987310290044 30
1753992178483 0.34884444866482084 31
1753992256781 0.3487710184805427 32
1753992335639 0.3470030687992771 33
1753992414205 0.34716571059896306 34
1753992493315 0.3463633192570867 35
1753992571711 0.34548740046133736 36
1753992650107 0.3454526464087457 37
1753992728791 0.34426195355820427 38
1753992807593 0.3432832332218545 39
1753992886240 0.3438723500910031 40
1753992965070 0.3436193485206875 41
1753993043812 0.34329563265942736 42
1753993122100 0.3425599902392602 43
1753993200313 0.3427585456687913 44
1753993278844 0.33987039734480634 45
1753993357165 0.33924746981926196 46
1753993435441 0.3391887730050377 47
1753993513878 0.33975500716953827 48
1753993592605 0.3388818488790163 49
1753993671091 0.3393827825031043 50
1753993749720 0.33894662219851474 51
1753993828269 0.33831531236180806 52
1753993907869 0.3385369876549404 53
1753993986937 0.33903513211005226 54
1753994065807 0.33823567060705134 55
1753994144367 0.33902325007130035 56
1753994223524 0.3385813125210154 57
1753994302474 0.3381886087468802 58
1753994381660 0.3379808110508147 59
1753989727238 0.6137896952427413 0
