1753985715342 0.001 0
1753985803965 0.001 1
1753985892779 0.001 2
1753985981102 0.001 3
1753986064148 0.001 4
1753986151915 0.001 5
1753986240775 0.001 6
1753986323859 0.001 7
1753986406327 0.001 8
1753986489155 0.001 9
1753986571576 0.001 10
1753986652655 0.0001 11
1753986739554 0.0001 12
1753986821793 0.0001 13
1753986900782 0.0001 14
1753986981778 0.0001 15
1753987062201 0.0001 16
1753987140124 0.0001 17
1753987218089 0.0001 18
1753987296525 0.0001 19
1753987375657 0.0001 20
1753987455545 0.0001 21
1753987536495 0.0001 22
1753987618337 1e-05 23
1753987700961 1e-05 24
1753987781382 1e-05 25
1753987862797 1e-05 26
1753987948205 1e-05 27
1753988033441 1e-05 28
1753988119293 1.0000000000000002e-06 29
1753988204667 1.0000000000000002e-06 30
1753988290461 1.0000000000000002e-06 31
1753988374683 1.0000000000000002e-06 32
1753988457867 1.0000000000000002e-06 33
1753988541782 1.0000000000000002e-06 34
1753988625193 1.0000000000000002e-07 35
1753988709149 1.0000000000000002e-07 36
1753988792232 1.0000000000000002e-07 37
1753988874415 1.0000000000000002e-07 38
1753988956029 1.0000000000000002e-07 39
1753989038439 1.0000000000000002e-07 40
1753989119630 1.0000000000000002e-07 41
1753989200608 1.0000000000000002e-07 42
1753989281935 1.0000000000000004e-08 43
1753989360910 1.0000000000000004e-08 44
1753989439869 1.0000000000000004e-08 45
1753989520654 1.0000000000000004e-08 46
1753989601304 1.0000000000000004e-08 47
1753985715342 0.001 0
