1753985715225 0.616112463456784 0
1753985803870 0.4692408872593323 1
1753985892695 0.43909652989907033 2
1753985981015 0.4259139953172714 3
1753986064064 0.416646765717195 4
1753986151826 0.41022521915138743 5
1753986240691 0.40534517970398354 6
1753986323775 0.4025060648114707 7
1753986406219 0.39780435101059464 8
1753986489069 0.39647015206346276 9
1753986571487 0.39360326727698186 10
1753986652569 0.3919730256486929 11
1753986739467 0.36650767174994914 12
1753986821710 0.36028635489863103 13
1753986900700 0.35774934742486786 14
1753986981694 0.35600189956823003 15
1753987062118 0.3546333478695274 16
1753987140043 0.3542475539803867 17
1753987218011 0.3525083275610923 18
1753987296445 0.35217021322668307 19
1753987375576 0.352524230072323 20
1753987455463 0.35086449339031095 21
1753987536412 0.35046111744716385 22
1753987618231 0.3492235915766428 23
1753987700874 0.34670738406601903 24
1753987781257 0.34573669219066644 25
1753987862706 0.3462170763838458 26
1753987948115 0.34674182653327207 27
1753988033348 0.3457846081589835 28
1753988119172 0.34516628675751615 29
1753988204571 0.34564659639781364 30
1753988290362 0.3446397778126932 31
1753988374590 0.3449109641355688 32
1753988457777 0.34490714588509064 33
1753988541684 0.3453636358623003 34
1753988625089 0.3450989708666494 35
1753988709056 0.3446930658950342 36
1753988792140 0.3448717727193116 37
1753988874321 0.3454065344050502 38
1753988955936 0.34528197665607613 39
1753989038347 0.34531700435044416 40
1753989119537 0.3452894692874698 41
1753989200518 0.3447139156052848 42
1753989281844 0.34469721417028015 43
1753989360820 0.3451892123652366 44
1753989439773 0.345260269099793 45
1753989520560 0.34484348527205827 46
1753989601196 0.344720717215717 47
1753985715225 0.616112463456784 0
