1753985715255 0.7973851292659556 0
1753985803892 0.8372780270263009 1
1753985892716 0.8455775550958636 2
1753985981039 0.8497183640938846 3
1753986064085 0.8515183264827302 4
1753986151848 0.8534544054303342 5
1753986240712 0.8550340739148734 6
1753986323796 0.8561767366055038 7
1753986406241 0.8569665708477733 8
1753986489091 0.8578477464649993 9
1753986571507 0.8583957947147373 10
1753986652590 0.8588435465527586 11
1753986739489 0.8658893694758617 12
1753986821732 0.8673006832693049 13
1753986900721 0.8681872319085869 14
1753986981716 0.8689430370111669 15
1753987062140 0.8690182593199545 16
1753987140064 0.8691024366655025 17
1753987218031 0.8692690003492465 18
1753987296466 0.8695322784300029 19
1753987375598 0.86989047990042 20
1753987455483 0.8702540543928933 21
1753987536433 0.8701877871208661 22
1753987618264 0.8703131576355121 23
1753987700896 0.8709668753190232 24
1753987781310 0.8715382066643383 25
1753987862729 0.8708683699146585 26
1753987948138 0.8709650843116711 27
1753988033371 0.8712731375762297 28
1753988119196 0.8716367120687031 29
1753988204595 0.8714056721202841 30
1753988290388 0.8714970134952404 31
1753988374614 0.8713322408188485 32
1753988457800 0.8716582041569281 33
1753988541708 0.8714611933481987 34
1753988625114 0.8713895530541153 35
1753988709080 0.8716546221422239 36
1753988792164 0.8716438760981113 37
1753988874345 0.8710349335984024 38
1753988955959 0.8710976188557255 39
1753989038370 0.8715077595393529 40
1753989119560 0.8712229893703713 41
1753989200541 0.871257018510061 42
1753989281867 0.8716277570319426 43
1753989360843 0.8713931350688194 44
1753989439797 0.8713394048482569 45
1753989520583 0.871572235804028 46
1753989601219 0.8716886512819135 47
1753985715255 0.7973851292659556 0
