1753973788951 0.001 0
1753973868327 0.001 1
1753973948330 0.001 2
1753974027766 0.001 3
1753974108929 0.001 4
1753974191286 0.001 5
1753974272562 0.001 6
1753974351939 0.001 7
1753974433549 0.001 8
1753974513031 0.001 9
1753974591499 0.001 10
1753974670043 0.001 11
1753974748462 0.0001 12
1753974826223 0.0001 13
1753974904277 0.0001 14
1753974982010 0.0001 15
1753975060037 0.0001 16
1753975137788 0.0001 17
1753975215893 0.0001 18
1753975297764 0.0001 19
1753975378498 0.0001 20
1753975458586 0.0001 21
1753975537304 0.0001 22
1753975615711 0.0001 23
1753975694178 0.0001 24
1753975775221 0.0001 25
1753975857334 0.0001 26
1753975939961 0.0001 27
1753976022476 0.0001 28
1753976104821 0.0001 29
1753976184527 0.0001 30
1753976264395 0.0001 31
1753976347585 0.0001 32
1753976430241 0.0001 33
1753976511153 0.0001 34
1753976593373 0.0001 35
1753976676646 0.0001 36
1753976758884 0.0001 37
1753976842245 0.0001 38
1753976925537 0.0001 39
1753977008327 0.0001 40
1753977089314 0.0001 41
1753977170923 0.0001 42
1753977252666 0.0001 43
1753977335449 1e-05 44
