1753973788893 0.7971250698494118 0
1753973868240 0.837198931124898 1
1753973948249 0.8454322066682906 2
1753974027706 0.8501013711976846 3
1753974108869 0.8524708781682977 4
1753974191203 0.8541687561789865 5
1753974272503 0.8554636568137206 6
1753974351876 0.8566869170260628 7
1753974433483 0.8575555571475649 8
1753974512970 0.8578403278265728 9
1753974591440 0.8582289771180491 10
1753974669984 0.859348358717923 11
1753974748404 0.8594253721719943 12
1753974826162 0.8670246299772183 13
1753974904200 0.8685505709741664 14
1753974981952 0.8693386156204777 15
1753975059978 0.8695427908242948 16
1753975137729 0.8699690513375267 17
1753975215835 0.8703433725445245 18
1753975297700 0.870463370252031 19
1753975378437 0.8701803905835829 20
1753975458525 0.8705887409912169 21
1753975537224 0.8708556015646268 22
1753975615642 0.8710311205994871 23
1753975694114 0.8710884329374006 24
1753975775158 0.8713678305847291 25
1753975857258 0.8714502170704799 26
1753975939891 0.8716221540842205 27
1753976022408 0.8717636439184445 28
1753976104758 0.8715702147779864 29
1753976184462 0.8718102101929993 30
1753976264324 0.8718997607209892 31
1753976347519 0.8721594572521599 32
1753976430173 0.8726985514306592 33
1753976511076 0.8721827403894373 34
1753976593303 0.8723707964982161 35
1753976676576 0.8723009470863841 36
1753976758814 0.8721684123049589 37
1753976842174 0.8728203401487256 38
1753976925454 0.872789892969209 39
1753977008239 0.8727863109480893 40
1753977089230 0.8726107919132291 41
1753977170855 0.8727970570114482 42
1753977252596 0.8729349648245526 43
1753977335367 0.872771982863611 44
