1753973788873 0.6162703196316422 0
1753973868217 0.4683816522828258 1
1753973948224 0.43750343239652756 2
1753974027685 0.4226394666808131 3
1753974108848 0.41314682110126116 4
1753974191181 0.4074803566066653 5
1753974272482 0.40320144664553614 6
1753974351854 0.39933206687779427 7
1753974433460 0.39503640182906835 8
1753974512949 0.3945050063010403 9
1753974591419 0.39306472924232816 10
1753974669963 0.3902326633225977 11
1753974748383 0.3886984752636187 12
1753974826140 0.36253297465650414 13
1753974904179 0.3567524841943951 14
1753974981930 0.35413313716290484 15
1753975059956 0.3520951388422241 16
1753975137709 0.35155386641438835 17
1753975215814 0.3501397474604925 18
1753975297675 0.35005785729203415 19
1753975378417 0.3496244826499637 20
1753975458503 0.3490071689855305 21
1753975537202 0.3474772930069686 22
1753975615621 0.3469182819038795 23
1753975694093 0.3465306527732853 24
1753975775136 0.34540875329738996 25
1753975857228 0.3453186992112853 26
1753975939867 0.34400906075541304 27
1753976022386 0.3446270294346142 28
1753976104736 0.3445296058602812 29
1753976184440 0.34362616792386963 30
1753976264298 0.3429451737954467 31
1753976347495 0.3431232664461918 32
1753976430150 0.3419553796559038 33
1753976511051 0.3421786828105877 34
1753976593279 0.3427034525651308 35
1753976676552 0.3417423647323002 36
1753976758792 0.34222814747915836 37
1753976842150 0.3406788049581396 38
1753976925428 0.3408560413585207 39
1753977008215 0.34044033922696976 40
1753977089207 0.34019841197117007 41
1753977170833 0.34029240840823405 42
1753977252572 0.3400521691438308 43
1753977335342 0.33980848190239477 44
