1754061709716 0.001 0
1754061799661 0.001 1
1754061880637 0.001 2
1754061958568 0.001 3
1754062035943 0.001 4
1754062113310 0.001 5
1754062190563 0.001 6
1754062267684 0.001 7
1754062344835 0.001 8
1754062424475 0.001 9
1754062501744 0.001 10
1754062579018 0.001 11
1754062656080 0.001 12
1754062733125 0.001 13
1754062809958 0.001 14
1754062885922 0.001 15
1754062962182 0.001 16
1754063040604 0.001 17
1754063120874 0.001 18
1754063201232 0.001 19
1754063280435 0.001 20
1754063359008 0.001 21
1754063437235 0.001 22
1754063515891 0.001 23
1754063594363 0.001 24
1754063672893 0.001 25
1754063751366 0.001 26
1754063829837 0.001 27
1754063908660 0.0001 28
1754063986931 0.0001 29
1754064065826 0.0001 30
1754064145914 0.0001 31
1754064224901 0.0001 32
1754064301460 0.0001 33
1754064377737 0.0001 34
1754064454068 0.0001 35
1754064529978 1e-05 36
1754064606175 1e-05 37
1754064682291 1e-05 38
1754064758440 1e-05 39
1754064834493 1e-05 40
1754064910517 1e-05 41
1754064986730 1e-05 42
1754065063346 1e-05 43
1754065139272 1e-05 44
1754065215228 1e-05 45
1754065291130 1.0000000000000002e-06 46
1754065368260 1.0000000000000002e-06 47
1754065444851 1.0000000000000002e-06 48
1754065520863 1.0000000000000002e-06 49
1754065597232 1.0000000000000002e-06 50
1754061709716 0.001 0
