1754061709632 0.6162544107299984 0
1754061799573 0.46610807544005295 1
1754061880550 0.43618183104747604 2
1754061958479 0.42320856862519524 3
1754062035857 0.4174688847419443 4
1754062113219 0.4123132667124282 5
1754062190474 0.408746855397176 6
1754062267598 0.4086870878315295 7
1754062344749 0.40590505783705905 8
1754062424385 0.40536385876855624 9
1754062501656 0.4055412749175568 10
1754062578927 0.4050280838980404 11
1754062655991 0.4053283095111293 12
1754062733036 0.4057714192962003 13
1754062809872 0.40564568934980194 14
1754062885831 0.4065996051234747 15
1754062962095 0.4056943260512008 16
1754063040511 0.4086267805524686 17
1754063120784 0.4089398027389526 18
1754063201142 0.40987087743626577 19
1754063280340 0.41108195259385727 20
1754063358918 0.412002459804225 21
1754063437143 0.41221703709822594 22
1754063515803 0.4130734372710036 23
1754063594253 0.4152177045056352 24
1754063672803 0.41475546413026904 25
1754063751258 0.4172966003155796 26
1754063829740 0.41671832380635404 27
1754063908568 0.41913176132616387 28
1754063986840 0.3843897765787244 29
1754064065736 0.3763327085109821 30
1754064145813 0.3736638633423401 31
1754064224807 0.3725363932376168 32
1754064301362 0.37077518934251086 33
1754064377641 0.37026606165216375 34
1754064453978 0.37046389558461784 35
1754064529889 0.3695918349675671 36
1754064606081 0.3651623025082218 37
1754064682200 0.36483252502491503 38
1754064758344 0.3642670415142022 39
1754064834401 0.3644345223182467 40
1754064910427 0.36477100694665965 41
1754064986641 0.36442333795341614 42
1754065063238 0.36442433704066307 43
1754065139180 0.3645922517474094 44
1754065215138 0.3633976933834103 45
1754065291039 0.3635182484262355 46
1754065368168 0.3638860782213102 47
1754065444755 0.36328097505931445 48
1754065520773 0.36275050794263064 49
1754065597143 0.36255373454923495 50
1754061709632 0.6162544107299984 0
