1754061709653 0.7976641640279111 0
1754061799595 0.8383308497986904 1
1754061880572 0.8462417434413193 2
1754061958502 0.8504685283624432 3
1754062035879 0.852680426403794 4
1754062113242 0.8537675698135916 5
1754062190498 0.8547562076426003 6
1754062267619 0.855495895003797 7
1754062344770 0.8560833464674108 8
1754062424409 0.8566349777198287 9
1754062501679 0.856817660796928 10
1754062578950 0.8573818291232645 11
1754062656014 0.8571758629088877 12
1754062733059 0.8567728855329331 13
1754062809894 0.8569878068001089 14
1754062885852 0.856604530540312 15
1754062962118 0.8566958720788618 16
1754063040535 0.8566063215508719 17
1754063120807 0.8565884114452739 18
1754063201165 0.8566081125614317 19
1754063280364 0.8559705128021435 20
1754063358940 0.8561209576891665 21
1754063437168 0.8557197713237717 22
1754063515825 0.8555442522889115 23
1754063594276 0.8552666456521427 24
1754063672827 0.8554385826658834 25
1754063751281 0.8549603828464173 26
1754063829765 0.8551985872508704 27
1754063908592 0.8547705357270786 28
1754063986863 0.8629106787213617 29
1754064065759 0.8648449701259439 30
1754064145837 0.8650509363403207 31
1754064224832 0.8660700213488459 32
1754064301388 0.8661327067184388 33
1754064377666 0.8658156978493545 34
1754064454001 0.866175690971874 35
1754064529912 0.8667452323298899 36
1754064606104 0.8676299915464302 37
1754064682224 0.8675905893141146 38
1754064758369 0.8675905893141146 39
1754064834426 0.8676873038843437 40
1754064910449 0.8677302881377789 41
1754064986664 0.8677159600533004 42
1754065063261 0.8679541644577536 43
1754065139203 0.8676801398421045 44
1754065215161 0.867676557820985 45
1754065291063 0.8678878970670411 46
1754065368191 0.8677517802644964 47
1754065444778 0.8679058071726391 48
1754065520796 0.8678681959508834 49
1754065597166 0.8682586362529193 50
1754061709653 0.7976641640279111 0
