1753905843983 0.001 0
1753905916735 0.001 1
1753905990016 0.001 2
1753906064238 0.001 3
1753906136577 0.001 4
1753906209824 0.001 5
1753906283752 0.001 6
1753906359514 0.001 7
1753906431883 0.001 8
1753906504524 0.001 9
1753906577023 0.001 10
1753906649918 0.0001 11
1753906721688 0.0001 12
1753906794997 0.0001 13
1753906867991 0.0001 14
1753906940602 0.0001 15
1753907013552 0.0001 16
1753907087889 0.0001 17
1753907161634 0.0001 18
1753907236261 0.0001 19
1753907309978 0.0001 20
1753907383603 0.0001 21
1753907456708 0.0001 22
1753907530031 0.0001 23
1753907602936 0.0001 24
1753907676188 0.0001 25
1753907749389 0.0001 26
1753907822370 0.0001 27
1753907895111 0.0001 28
1753907969718 0.0001 29
1753908042523 0.0001 30
1753908112547 1e-05 31
1753908183611 1e-05 32
1753908254334 1e-05 33
1753908324584 1e-05 34
1753908394904 1e-05 35
1753908465442 1e-05 36
1753908535449 1e-05 37
1753908606491 1e-05 38
1753908676381 1e-05 39
1753908746950 1e-05 40
1753908817039 1e-05 41
1753908887219 1e-05 42
1753908957422 1e-05 43
1753909027548 1e-05 44
1753909097920 1.0000000000000002e-06 45
1753909167814 1.0000000000000002e-06 46
1753909238122 1.0000000000000002e-06 47
1753909308749 1.0000000000000002e-06 48
1753909378822 1.0000000000000002e-06 49
1753905843983 0.001 0
