1753905843901 0.7079471545607232 0
1753905916652 0.5587183833878029 1
1753905989933 0.5365222874161841 2
1753906064140 0.5266149604045202 3
1753906136496 0.5216058103850294 4
1753906209739 0.5202106450424918 5
1753906283668 0.5182281213315778 6
1753906359429 0.5187481835314135 7
1753906431799 0.5202172067319741 8
1753906504438 0.5192894301345693 9
1753906576940 0.5197358542243159 10
1753906649837 0.5206648545171362 11
1753906721608 0.46916881847298925 12
1753906794915 0.45588179816539887 13
1753906867908 0.45153986151346237 14
1753906940511 0.447827466220796 15
1753907013465 0.4455469596224297 16
1753907087809 0.44242130571179855 17
1753907161543 0.4403799567714268 18
1753907236173 0.43834962193011434 19
1753907309893 0.43749427903225596 20
1753907383523 0.43675426822233643 21
1753907456623 0.43570761848726797 22
1753907529948 0.4336552962949436 23
1753907602855 0.4326403772918411 24
1753907676089 0.4317786108837564 25
1753907749309 0.43065619015223633 26
1753907822287 0.43085770094429354 27
1753907895027 0.4300066964075595 28
1753907969633 0.428826235410658 29
1753908042435 0.4293146855491671 30
1753908112462 0.42880483690295507 31
1753908183528 0.4215423937314144 32
1753908254252 0.4193217914238298 33
1753908324501 0.4199374003681804 34
1753908394821 0.4188941270040403 35
1753908465361 0.4190470309442036 36
1753908535366 0.4182895803951631 37
1753908606406 0.41903975636024887 38
1753908676298 0.41794500324256617 39
1753908746867 0.41796932565246353 40
1753908816956 0.4177143032518941 41
1753908887115 0.4184428947867825 42
1753908957339 0.41849653762461797 43
1753909027452 0.418653722260978 44
1753909097837 0.4180405020247958 45
1753909167728 0.4173875708175468 46
1753909238041 0.4172628177031537 47
1753909308667 0.4167868751976796 48
1753909378738 0.416223252473207 49
1753905843901 0.7079471545607232 0
