1753905843923 0.7680126086917587 0
1753905916674 0.8087938460987383 1
1753905989955 0.8152755017059345 2
1753906064174 0.8185064789690961 3
1753906136517 0.8198407794463997 4
1753906209760 0.8205482273504733 5
1753906283689 0.8213523896515595 6
1753906359451 0.8216264137764285 7
1753906431821 0.8211535878354781 8
1753906504461 0.8216998450778641 9
1753906576961 0.8216174587396681 10
1753906649858 0.821151796828126 11
1753906721630 0.8345789789467086 12
1753906794936 0.8384762109448459 13
1753906867930 0.839592008525195 14
1753906940533 0.8406021366717711 15
1753907013487 0.8410015313112861 16
1753907087830 0.8419113630461453 17
1753907161566 0.8422946386194915 18
1753907236195 0.8428408958618775 19
1753907309914 0.8433441689278135 20
1753907383544 0.8432850656851947 21
1753907456645 0.8432367084866883 22
1753907529969 0.844008632655437 23
1753907602876 0.8443739981552624 24
1753907676110 0.8443113128979395 25
1753907749329 0.8449507025226338 26
1753907822309 0.8446730963830607 27
1753907895049 0.8449524935299859 28
1753907969656 0.8453930813385989 29
1753908042458 0.8453590521989093 30
1753908112484 0.845584719125272 31
1753908183550 0.8476569146316346 32
1753908254273 0.8480509362490933 33
1753908324522 0.8482264549695977 34
1753908394843 0.8483357064180749 35
1753908465382 0.8482425740357664 36
1753908535389 0.8484306298077353 37
1753908606427 0.8482783941828081 38
1753908676320 0.8483930186533416 39
1753908746888 0.8488533075428275 40
1753908816979 0.8481440686314017 41
1753908887142 0.848403764697454 42
1753908957361 0.8484503308886083 43
1753909027477 0.8482443650431185 44
1753909097860 0.8481852618004997 45
1753909167752 0.8485667463664939 46
1753909238062 0.8484288388003832 47
1753909308688 0.8487028629252523 48
1753909378761 0.8482998862710331 49
1753905843923 0.7680126086917587 0
