1754065718173 0.001 0
1754065794101 0.001 1
1754065870272 0.001 2
1754065946863 0.001 3
1754066023126 0.001 4
1754066099269 0.001 5
1754066175784 0.001 6
1754066252011 0.001 7
1754066328716 0.001 8
1754066405127 0.001 9
1754066482072 0.001 10
1754066558339 0.001 11
1754066634943 0.001 12
1754066711484 0.001 13
1754066787552 0.0001 14
1754066863902 0.0001 15
1754066940089 0.0001 16
1754067016613 0.0001 17
1754067092891 0.0001 18
1754067177205 0.0001 19
1754067260383 0.0001 20
1754067340845 0.0001 21
1754067422305 0.0001 22
1754067503152 0.0001 23
1754067582438 0.0001 24
1754067660350 0.0001 25
1754067737823 0.0001 26
1754067815368 0.0001 27
1754067893763 0.0001 28
1754067975606 0.0001 29
1754068059924 0.0001 30
1754068146134 0.0001 31
1754068229501 0.0001 32
1754068312233 0.0001 33
1754068391946 0.0001 34
1754068472881 0.0001 35
1754068554276 0.0001 36
1754068639032 0.0001 37
1754068720483 1e-05 38
1754068802481 1e-05 39
1754068883076 1e-05 40
1754068966818 1e-05 41
1754069049899 1e-05 42
1754065718173 0.001 0
