1754065718090 0.6283445506796939 0
1754065794019 0.46712365262161265 1
1754065870189 0.43753490795987854 2
1754065946780 0.4242457080500294 3
1754066023043 0.41650587606775236 4
1754066099179 0.41174204477875836 5
1754066175701 0.4086645533402206 6
1754066251917 0.406926071512017 7
1754066328631 0.40558472690236275 8
1754066405041 0.40319016545347425 9
1754066481988 0.4032875937505505 10
1754066558239 0.4045404243493321 11
1754066634858 0.40372429754914024 12
1754066711401 0.4034196615071377 13
1754066787467 0.4036927023933813 14
1754066863818 0.37294122010458336 15
1754066940000 0.3662537331296039 16
1754067016529 0.36369016800728854 17
1754067092807 0.3625018594930528 18
1754067177103 0.362027746585481 19
1754067260264 0.3601473029763748 20
1754067340748 0.3596263596255056 21
1754067422211 0.35859546861606234 22
1754067503061 0.3583712964377671 23
1754067582342 0.3577951658827759 24
1754067660242 0.3574429643634766 25
1754067737736 0.3560648421676916 26
1754067815261 0.35639236986355727 27
1754067893668 0.3561238298972201 28
1754067975508 0.3562159641206101 29
1754068059823 0.35537639531602666 30
1754068146034 0.3548111964752219 31
1754068229403 0.35369973920964193 32
1754068312137 0.35513408125664647 33
1754068391847 0.35372358038756757 34
1754068472781 0.35401044200186305 35
1754068554173 0.3538556299229185 36
1754068638927 0.35220876348096186 37
1754068720382 0.3539733186413705 38
1754068802377 0.35073652999008365 39
1754068882974 0.3498250609005981 40
1754068966719 0.34999381072887126 41
1754069049800 0.34959739446170324 42
1754065718090 0.6283445506796939 0
