1754065718113 0.7942938505762566 0
1754065794041 0.8382971102096374 1
1754065870211 0.8466969346909169 2
1754065946799 0.850148205858385 3
1754066023064 0.8525535287322354 4
1754066099202 0.853658580268472 5
1754066175722 0.855465706686726 6
1754066251940 0.8554066034441071 7
1754066328653 0.8559886808335349 8
1754066405063 0.8571295525168131 9
1754066482009 0.8567964251493252 10
1754066558260 0.856834036303719 11
1754066634880 0.8569414967448441 12
1754066711423 0.8566029963553 13
1754066787488 0.8569540337963087 14
1754066863840 0.864843421182244 15
1754066940025 0.8666003993946395 16
1754067016550 0.8673562044972195 17
1754067092829 0.8677412710779178 18
1754067177129 0.867807538349945 19
1754067260288 0.8683179754452892 20
1754067340774 0.8683896157393726 21
1754067422235 0.8688033384377043 22
1754067503083 0.8688230395185772 23
1754067582366 0.8688660236950273 24
1754067660265 0.8690057222684899 25
1754067737759 0.8694266089962299 26
1754067815284 0.8693119845256965 27
1754067893692 0.8693281035918653 28
1754067975532 0.8694552651138633 29
1754068059849 0.8696433208858322 30
1754068146062 0.8701591310032327 31
1754068229429 0.8697364532681406 32
1754068312161 0.8696880960696344 33
1754068391872 0.8699155540033492 34
1754068472808 0.870185996113514 35
1754068554200 0.8702236072679078 36
1754068638953 0.8701268928708953 37
1754068720409 0.86989047990042 38
1754068802404 0.8708916530102356 39
1754068883000 0.8710707537454441 40
1754068966744 0.8708379227896731 41
1754069049825 0.8711817962012735 42
1754065718113 0.7942938505762566 0
