1754069178557 0.001 0
1754069262669 0.001 1
1754069348247 0.001 2
1754069430070 0.001 3
1754069512629 0.001 4
1754069596066 0.001 5
1754069676616 0.001 6
1754069757250 0.001 7
1754069838005 0.001 8
1754069918090 0.001 9
1754069999933 0.001 10
1754070080672 0.001 11
1754070161694 0.0001 12
1754070243091 0.0001 13
1754070324382 0.0001 14
1754070405820 0.0001 15
1754070486052 0.0001 16
1754070566223 0.0001 17
1754070646248 0.0001 18
1754070727818 0.0001 19
1754070808664 0.0001 20
1754070889122 0.0001 21
1754070971180 0.0001 22
1754071051371 0.0001 23
1754071132654 0.0001 24
1754071213119 0.0001 25
1754071292907 0.0001 26
1754071372948 0.0001 27
1754071454630 0.0001 28
1754071536750 0.0001 29
1754071616259 1e-05 30
1754071695083 1e-05 31
1754071773876 1e-05 32
1754071852973 1e-05 33
1754071931857 1e-05 34
1754069178557 0.001 0
