1754069178490 0.7978275080819207 0
1754069262599 0.8384708379227896 1
1754069348181 0.8470408081025173 2
1754069430001 0.8505171533729146 3
1754069512558 0.8524711423940395 4
1754069595998 0.8537803687684138 5
1754069676546 0.8546866184885689 6
1754069757183 0.8556555534660469 7
1754069837937 0.8556000322381323 8
1754069918018 0.85622509380401 9
1754069999862 0.8562304668260663 10
1754070080603 0.8565385200906249 11
1754070161623 0.856706874781721 12
1754070243024 0.8647932729763855 13
1754070324289 0.8664069706006143 14
1754070405750 0.8676230645926801 15
1754070485982 0.8679687290116326 16
1754070566154 0.868353795592331 17
1754070646180 0.868420062864358 18
1754070727746 0.8686457297907207 19
1754070808596 0.8688481136215064 20
1754070889048 0.8690325873787712 21
1754070971111 0.8693818338124278 22
1754071051279 0.8699782392606722 23
1754071132585 0.8692367622169089 24
1754071213050 0.8696648129740573 25
1754071292837 0.8703543508046101 26
1754071372879 0.8700104773930097 27
1754071454557 0.8703507687899059 28
1754071536673 0.8706230019074228 29
1754071616189 0.8705298695251144 30
1754071695013 0.8709346371866856 31
1754071773806 0.8710456796425149 32
1754071852897 0.8712408994438923 33
1754071931786 0.8716474581128155 34
1754069178490 0.7978275080819207 0
