1754069178468 0.6166248175630091 0
1754069262575 0.4667411107343414 1
1754069348157 0.436325383110592 2
1754069429978 0.42363132544225235 3
1754069512535 0.416074382024557 4
1754069595975 0.41307665472453636 5
1754069676522 0.4108562597039829 6
1754069757160 0.4080304481002436 7
1754069837912 0.4073480249758468 8
1754069917995 0.40698279880482124 9
1754069999838 0.40681697299958125 10
1754070080580 0.4056539419782053 11
1754070161599 0.40567954360740194 12
1754070243002 0.37373898206200223 13
1754070324266 0.36759770295745875 14
1754070405728 0.36443485535501485 15
1754070485958 0.36232700858463074 16
1754070566130 0.36150134645397736 17
1754070646155 0.36045752572558304 18
1754070727722 0.35864988317503593 19
1754070808573 0.359336736206433 20
1754070889022 0.35856334776535126 21
1754070971087 0.35852240615993136 22
1754071051256 0.35598788923178337 23
1754071132562 0.35815759803430486 24
1754071213026 0.35586712870949033 25
1754071292813 0.3554275875642218 26
1754071372854 0.35657603765525986 27
1754071454533 0.35539104437205854 28
1754071536648 0.35403355243534945 29
1754071616165 0.3548809763725598 30
1754071694989 0.35162560485358485 31
1754071773782 0.3499455259163572 32
1754071852870 0.3493422044162385 33
1754071931762 0.34890550170861295 34
1754069178468 0.6166248175630091 0
