1754005382873 0.001 0
1754005464859 0.001 1
1754005549953 0.001 2
1754005635606 0.001 3
1754005719694 0.001 4
1754005802489 0.001 5
1754005887412 0.001 6
1754005973276 0.001 7
1754006054769 0.001 8
1754006136595 0.001 9
1754006218786 0.001 10
1754006299668 0.001 11
1754006379838 0.001 12
1754006460789 0.0001 13
1754006541842 0.0001 14
1754006622658 0.0001 15
1754006702296 0.0001 16
1754006782019 0.0001 17
1754006861940 0.0001 18
1754006941268 0.0001 19
1754007020509 0.0001 20
1754007101434 0.0001 21
1754007179895 1e-05 22
1754007258615 1e-05 23
1754007336991 1e-05 24
1754007415615 1e-05 25
1754007494099 1e-05 26
1754005382873 0.001 0
