1754005382787 1.088940438937168 0
1754005464775 0.7429064855024776 1
1754005549863 0.6751832036817407 2
1754005635494 0.648215320011481 3
1754005719609 0.6339024033315667 4
1754005802387 0.6274346039681231 5
1754005887326 0.6207505909167625 6
1754005973186 0.6148415722588706 7
1754006054681 0.6125545186520689 8
1754006136463 0.6087874604342209 9
1754006218703 0.607700267518323 10
1754006299582 0.6051017287058593 11
1754006379746 0.6031250463526114 12
1754006460700 0.6002146871557132 13
1754006541756 0.5534301787282623 14
1754006622568 0.5416831812475519 15
1754006702209 0.5386439916763759 16
1754006781929 0.5373726742090936 17
1754006861852 0.5334227444670543 18
1754006941181 0.5335077672675436 19
1754007020415 0.5310149918837092 20
1754007101348 0.5306898404067141 21
1754007179809 0.5290214376936885 22
1754007258513 0.5244191286706352 23
1754007336906 0.5226570222687125 24
1754007415517 0.5226100661059944 25
1754007494013 0.5214701817797462 26
1754005382787 1.088940438937168 0
