1754005382808 0.6500132534781425 0
1754005464796 0.7453165073861275 1
1754005549885 0.7637227229091743 2
1754005635534 0.7700396171535827 3
1754005719631 0.774004914532976 4
1754005802416 0.7756347341423925 5
1754005887348 0.7779845399968478 6
1754005973207 0.7785093060908687 7
1754006054703 0.7794979439198774 8
1754006136492 0.7808394108291663 9
1754006218725 0.7817779003625005 10
1754006299605 0.7819014800911266 11
1754006379768 0.7831175762612297 12
1754006460721 0.7833235424756064 13
1754006541778 0.797354319201066 14
1754006622591 0.800443812416718 15
1754006702231 0.801065293080968 16
1754006781954 0.8026843666270256 17
1754006861874 0.8026001891307151 18
1754006941202 0.802512429613285 19
1754007020439 0.8038055392374593 20
1754007101371 0.8025231756766438 21
1754007179831 0.8030264496439471 22
1754007258547 0.8051828263579442 23
1754007336928 0.8057129654836445 24
1754007415547 0.8058186351066726 25
1754007494035 0.8050825297665956 26
1754005382808 0.6500132534781425 0
