1753896800311 0.001 0
1753896874874 0.001 1
1753896948980 0.001 2
1753897023374 0.001 3
1753897097929 0.001 4
1753897172654 0.001 5
1753897248250 0.001 6
1753897323825 0.001 7
1753897400208 0.001 8
1753897476111 0.001 9
1753897549721 0.001 10
1753897622935 0.001 11
1753897696515 0.001 12
1753897769777 0.001 13
1753897843252 0.001 14
1753897916280 0.001 15
1753897990180 0.0001 16
1753898063661 0.0001 17
1753898137192 0.0001 18
1753898210840 0.0001 19
1753898284002 0.0001 20
1753898358082 0.0001 21
1753898432565 0.0001 22
1753898509345 0.0001 23
1753898586313 0.0001 24
1753898665766 0.0001 25
1753898742381 0.0001 26
1753898818048 0.0001 27
1753898894562 0.0001 28
1753898971234 0.0001 29
1753899048063 1e-05 30
1753899124850 1e-05 31
1753899201301 1e-05 32
1753899277733 1e-05 33
1753899354813 1e-05 34
1753899431094 1e-05 35
1753899506928 1e-05 36
1753899584864 1e-05 37
1753899663242 1e-05 38
1753899742688 1e-05 39
1753899822061 1e-05 40
1753899900322 1e-05 41
1753899977010 1e-05 42
1753900049971 1e-05 43
1753900123433 1e-05 44
1753900196518 1e-05 45
1753900269365 1e-05 46
1753900342492 1e-05 47
1753900415354 1e-05 48
1753900487902 1e-05 49
1753900561466 1e-05 50
1753900634654 1e-05 51
1753900707415 1e-05 52
1753900780308 1e-05 53
1753900853564 1e-05 54
1753900926746 1e-05 55
1753900999834 1e-05 56
1753901072115 1e-05 57
1753901144887 1e-05 58
1753901217441 1.0000000000000002e-06 59
1753901289716 1.0000000000000002e-06 60
1753901362226 1.0000000000000002e-06 61
1753901434577 1.0000000000000002e-06 62
1753901507016 1.0000000000000002e-06 63
1753901580421 1.0000000000000002e-06 64
1753901653277 1.0000000000000002e-07 65
1753901726563 1.0000000000000002e-07 66
1753901799550 1.0000000000000002e-07 67
1753901872386 1.0000000000000002e-07 68
1753901944966 1.0000000000000002e-07 69
1753902016228 1.0000000000000002e-07 70
1753902086290 1.0000000000000004e-08 71
1753902156081 1.0000000000000004e-08 72
1753902226071 1.0000000000000004e-08 73
1753896800311 0.001 0
