1753896800225 0.705594273017528 0
1753896874776 0.555050969976116 1
1753896948896 0.5340647833129657 2
1753897023292 0.5253121366881185 3
1753897097842 0.5198962600558314 4
1753897172563 0.5171564136304018 5
1753897248143 0.514495515383648 6
1753897323741 0.5153335015555768 7
1753897400102 0.5152945625267231 8
1753897476026 0.515479801628004 9
1753897549639 0.5167692241773605 10
1753897622854 0.5169764149073024 11
1753897696428 0.5188478613489541 12
1753897769696 0.5199340976639336 13
1753897843167 0.5204659118766743 14
1753897916192 0.522537684770592 15
1753897990077 0.5253947945744528 16
1753898063570 0.47241012665077886 17
1753898137088 0.45789110139537537 18
1753898210760 0.4526598925176914 19
1753898283918 0.44844433427334374 20
1753898357996 0.44686884680472855 21
1753898432480 0.44496840082889944 22
1753898509254 0.44168891294098933 23
1753898586215 0.4415591013804569 24
1753898665653 0.4391310594532304 25
1753898742283 0.4390751642466814 26
1753898817946 0.4375775691069083 27
1753898894460 0.4357054076819401 28
1753898971130 0.435146284403825 29
1753899047960 0.4348909752931805 30
1753899124750 0.4276668055381083 31
1753899201197 0.42698230334700155 32
1753899277629 0.4264578537122965 33
1753899354707 0.4250102140915907 34
1753899431004 0.42508853235439936 35
1753899506828 0.42655119164276 36
1753899584756 0.42449783274456726 37
1753899663134 0.4256563129573779 38
1753899742565 0.42493480103556575 39
1753899821958 0.4253619810732513 40
1753899900213 0.4260556168418278 41
1753899976914 0.42493984235869187 42
1753900049885 0.42447780415990494 43
1753900123344 0.42452063805630397 44
1753900196433 0.42435850007389603 45
1753900269280 0.4247834801371152 46
1753900342395 0.42477728447379054 47
1753900415263 0.42432664190899116 48
1753900487814 0.42388952849563594 49
1753900561375 0.42433546611400746 50
1753900634563 0.4238857808215713 51
1753900707321 0.4231725394144237 52
1753900780215 0.4234379170015962 53
1753900853474 0.42297246103929215 54
1753900926656 0.4232471353694719 55
1753900999747 0.4234429175700593 56
1753901072028 0.42232377275878347 57
1753901144796 0.4228595818772795 58
1753901217353 0.4231415983282862 59
1753901289630 0.4227063081557788 60
1753901362117 0.4221503263016701 61
1753901434489 0.4233151495109124 62
1753901506927 0.42244180012467636 63
1753901580328 0.42168626270104126 64
1753901653183 0.42216095296776296 65
1753901726475 0.4227973415630377 66
1753901799460 0.42296144644492223 67
1753901872295 0.42198616050470283 68
1753901944875 0.4221395416374951 69
1753902016120 0.42234253833830765 70
1753902086204 0.4210634364929744 71
1753902155996 0.4225238932242085 72
1753902225985 0.42160873727561154 73
1753896800225 0.705594273017528 0
