1753896800248 0.7681035347384408 0
1753896874797 0.8096460246729614 1
1753896948917 0.8151480091126617 2
1753897023313 0.818235711317754 3
1753897097864 0.8197491152407834 4
1753897172586 0.8212284899631769 5
1753897248177 0.8219699683349333 6
1753897323764 0.8214720673993093 7
1753897400124 0.8221777255598699 8
1753897476048 0.8219645953032539 9
1753897549659 0.8220254896622871 10
1753897622875 0.8219037009442207 11
1753897696450 0.8213001303855687 12
1753897769717 0.8210744630550342 13
1753897843188 0.820764618228189 14
1753897916214 0.8206428295101228 15
1753897990098 0.8197723983780608 16
1753898063593 0.8339715300961414 17
1753898137109 0.8375392231312596 18
1753898210780 0.8387374091957647 19
1753898283939 0.8402132018970384 20
1753898358017 0.840367228805181 21
1753898432501 0.8411785565887696 22
1753898509278 0.8417480979467855 23
1753898586239 0.841850185548694 24
1753898665675 0.8426436032266846 25
1753898742314 0.8424071898327913 26
1753898817980 0.8432006075107819 27
1753898894492 0.843111056982792 28
1753898971162 0.8436035848867365 29
1753899047991 0.8435068703165074 30
1753899124781 0.8450919146619289 31
1753899201228 0.8459139885088762 32
1753899277657 0.8460751794592581 33
1753899354740 0.8466124826271976 34
1753899431027 0.8462524895046781 35
1753899506857 0.8458047368647286 36
1753899584785 0.8469133724012436 37
1753899663167 0.8458942873927184 38
1753899742599 0.8464262175289785 39
1753899821991 0.8463492040749072 40
1753899900246 0.845978464889029 41
1753899976943 0.8462256243462811 42
1753900049907 0.8464889028985715 43
1753900123366 0.8466106916166378 44
1753900196455 0.8461450288710902 45
1753900269301 0.8464763658246529 46
1753900342420 0.8461593569555687 47
1753900415286 0.8463492040749072 48
1753900487837 0.8466250197011161 49
1753900561398 0.8466662129439915 50
1753900634586 0.8463080108320319 51
1753900707344 0.8470047139397934 52
1753900780239 0.8463026378003524 53
1753900853497 0.8468811342111673 54
1753900926680 0.8468972533062055 55
1753900999769 0.8469617296863582 56
1753901072050 0.846804120757096 57
1753901144820 0.8469509836229995 58
1753901217375 0.8468614330950095 59
1753901289651 0.847239336323127 60
1753901362147 0.8472429183442466 61
1753901434511 0.8469491926124396 62
1753901506949 0.8470960554783431 63
1753901580351 0.8472017251013712 64
1753901653206 0.8470154600031522 65
1753901726498 0.8469420285702004 66
1753901799483 0.8469169544223633 67
1753901872317 0.847203516111931 68
1753901944899 0.8466841230495895 69
1753902016157 0.8469169544223633 70
1753902086225 0.8472859025976817 71
1753902156018 0.8470727723410657 72
1753902226007 0.8471712779218546 73
1753896800248 0.7681035347384408 0
