1753913259526 0.001 0
1753913333451 0.001 1
1753913406631 0.001 2
1753913479563 0.001 3
1753913552475 0.001 4
1753913625035 0.001 5
1753913697853 0.001 6
1753913770180 0.001 7
1753913842606 0.001 8
1753913915254 0.001 9
1753913988266 0.001 10
1753914062866 0.001 11
1753914135852 0.001 12
1753914209574 0.0001 13
1753914283988 0.0001 14
1753914356514 0.0001 15
1753914428448 0.0001 16
1753914501806 0.0001 17
1753914575493 0.0001 18
1753914649578 0.0001 19
1753914727126 0.0001 20
1753914801794 0.0001 21
1753914877420 0.0001 22
1753914952229 0.0001 23
1753915027912 0.0001 24
1753915104561 0.0001 25
1753915182473 0.0001 26
1753915258728 0.0001 27
1753915334732 0.0001 28
1753915411250 0.0001 29
1753915486961 0.0001 30
1753915562995 0.0001 31
1753915638661 1e-05 32
1753915714419 1e-05 33
1753915790193 1e-05 34
1753915866067 1e-05 35
1753915941609 1e-05 36
1753916018587 1e-05 37
1753916095759 1e-05 38
1753916172817 1e-05 39
1753916248352 1.0000000000000002e-06 40
1753916322876 1.0000000000000002e-06 41
1753916397475 1.0000000000000002e-06 42
1753916471719 1.0000000000000002e-06 43
1753916547513 1.0000000000000002e-06 44
1753913259526 0.001 0
