1753913259466 0.7655929577590916 0
1753913333390 0.8085717611870796 1
1753913406570 0.815096400970726 2
1753913479503 0.8188449793586403 3
1753913552407 0.8200413722698332 4
1753913624973 0.8209906061664383 5
1753913697792 0.8222478933276021 6
1753913770099 0.8224646052172044 7
1753913842544 0.8223410257099105 8
1753913915188 0.8227565394155943 9
1753913988201 0.8216890990337515 10
1753914062805 0.82182521559251 11
1753914135788 0.8214705961367972 12
1753914209509 0.8208007593871173 13
1753914283919 0.8352577707331489 14
1753914356453 0.8383777055404812 15
1753914428376 0.8397961833633327 16
1753914501738 0.8413776428552239 17
1753914575428 0.8411125737671153 18
1753914649511 0.8418325587226535 19
1753914727060 0.8428928350750879 20
1753914801727 0.8427907476560191 21
1753914877352 0.843333422883701 22
1753914952152 0.8441286301480267 23
1753915027844 0.8442468366332644 24
1753915104493 0.8440695269054079 25
1753915182403 0.8442934028244186 26
1753915258659 0.8449704036035068 27
1753915334662 0.8448521971182692 28
1753915411173 0.8454217374562323 29
1753915486897 0.8453715892503739 30
1753915562925 0.8452784568680655 31
1753915638592 0.8453393511180364 32
1753915714353 0.8474294566979197 33
1753915790105 0.8474652768449614 34
1753915865997 0.847560200234622 35
1753915941538 0.8480831743814309 36
1753916018519 0.848360780521004 37
1753916095686 0.848043772219685 38
1753916172746 0.8481440686314017 39
1753916248284 0.8480491452417412 40
1753916322805 0.8479792959550099 41
1753916397405 0.8482300369843018 42
1753916471651 0.8485345082341563 43
1753916547446 0.8478306423447868 44
1753913259466 0.7655929577590916 0
