1753913259444 0.7155756938183531 0
1753913333369 0.5581400466857513 1
1753913406547 0.5347119607831955 2
1753913479482 0.5244130068275811 3
1753913552385 0.519781164075165 4
1753913624951 0.5157182056565047 5
1753913697771 0.5146055267296983 6
1753913770078 0.5133246700900954 7
1753913842523 0.514862160479618 8
1753913915165 0.5148089804565287 9
1753913988178 0.5164993026292907 10
1753914062784 0.5176323547859412 11
1753914135766 0.519111537830957 12
1753914209487 0.5212537091691021 13
1753914283896 0.4672108264908445 14
1753914356431 0.45565030813222285 15
1753914428350 0.44930387811525085 16
1753914501715 0.4454601542625265 17
1753914575405 0.44373180273371826 18
1753914649487 0.44158043376591166 19
1753914727036 0.439026644039758 20
1753914801705 0.4374619371733445 21
1753914877329 0.43690487294424174 22
1753914952119 0.43480531832120967 23
1753915027822 0.43466945799514145 24
1753915104471 0.43335300280169037 25
1753915182380 0.431663905938373 26
1753915258632 0.43082017574327586 27
1753915334637 0.4309613654050839 28
1753915411135 0.43011365073841756 29
1753915486873 0.4298546477418703 30
1753915562901 0.4292011675108633 31
1753915638568 0.42912212742518285 32
1753915714329 0.4220109031089425 33
1753915790081 0.4214349211964288 34
1753915865974 0.4203679797792716 35
1753915941513 0.4198215482703655 36
1753916018496 0.4190946643968931 37
1753916095661 0.4197035759321919 38
1753916172722 0.4189891684165236 39
1753916248260 0.4202134007381685 40
1753916322781 0.41964635887120855 41
1753916397380 0.41826582263073364 42
1753916471628 0.41827161542533686 43
1753916547423 0.4190433577144581 44
1753913259444 0.7155756938183531 0
