1754072057948 0.001 0
1754072136573 0.001 1
1754072214082 0.001 2
1754072292094 0.001 3
1754072369881 0.001 4
1754072447847 0.001 5
1754072526432 0.001 6
1754072603862 0.001 7
1754072682429 0.001 8
1754072758908 0.001 9
1754072834772 0.001 10
1754072911298 0.001 11
1754072987587 0.001 12
1754073064259 0.001 13
1754073140379 0.001 14
1754073216480 0.001 15
1754073292550 0.001 16
1754073368832 0.001 17
1754073445909 0.001 18
1754073525794 0.001 19
1754073604427 0.001 20
1754073682276 0.0001 21
1754073760362 0.0001 22
1754073838770 0.0001 23
1754073917749 0.0001 24
1754073997330 0.0001 25
1754074075885 0.0001 26
1754074154707 0.0001 27
1754074233714 0.0001 28
1754074312261 0.0001 29
1754074390390 0.0001 30
1754074467764 0.0001 31
1754074545424 0.0001 32
1754074622795 0.0001 33
1754074700500 0.0001 34
1754074777809 1e-05 35
1754074855201 1e-05 36
1754074932590 1e-05 37
1754075011031 1e-05 38
1754075089592 1e-05 39
1754072057948 0.001 0
