1754072057884 0.7995486661472745 0
1754072136510 0.8402367711719456 1
1754072214019 0.8476712426904512 2
1754072292027 0.8511135588211589 3
1754072369816 0.8534884345700239 4
1754072447784 0.8544054303342915 5
1754072526364 0.855696746635145 6
1754072603791 0.8562609139510517 7
1754072682365 0.8570776133036027 8
1754072758842 0.8570901503550672 9
1754072834710 0.8570453751712651 10
1754072911237 0.8576399896121574 11
1754072987524 0.857233430943234 12
1754073064196 0.8577725241562116 13
1754073140299 0.8577044658768325 14
1754073216418 0.8575755133474823 15
1754073292487 0.8577080478915365 16
1754073368770 0.8573552194431758 17
1754073445819 0.8571241794947568 18
1754073525726 0.8572388039652903 19
1754073604357 0.8568447823478316 20
1754073682209 0.8565743402376667 21
1754073760276 0.8646893945499646 22
1754073838707 0.8665377141373165 23
1754073917680 0.8669818839606337 24
1754073997249 0.8676857498500031 25
1754074075819 0.8678988797249013 26
1754074154640 0.8681926049306432 27
1754074233644 0.8684415549525831 28
1754074312192 0.8686242377024957 29
1754074390300 0.8689770661508566 30
1754074467696 0.8690612434964046 31
1754074545352 0.8689304999597023 32
1754074622728 0.8689716931288003 33
1754074700432 0.8691615399081213 34
1754074777742 0.8692242251654443 35
1754074855132 0.8699585381797992 36
1754074932522 0.8703346497237371 37
1754075010962 0.8706122558633104 38
1754075089523 0.8705800177309728 39
1754072057884 0.7995486661472745 0
