1754072057862 0.6081059040739014 0
1754072136488 0.4590679429818637 1
1754072213997 0.43080817828329254 2
1754072292005 0.4191144647456642 3
1754072369794 0.4121593824224873 4
1754072447762 0.4083762180493118 5
1754072526341 0.4051231623312499 6
1754072603767 0.40403898246127307 7
1754072682343 0.402970345650389 8
1754072758820 0.4026743701015026 9
1754072834689 0.40255501484652634 10
1754072911216 0.40149668488997164 11
1754072987499 0.40161828337478167 12
1754073064175 0.40315267715458575 13
1754073140278 0.4016228854792043 14
1754073216395 0.4020792470782819 15
1754073292464 0.4053056746556022 16
1754073368749 0.40518175375300003 17
1754073445790 0.4058128737092114 18
1754073525703 0.40763036249642814 19
1754073604326 0.4093279395034914 20
1754073682184 0.4088561805536774 21
1754073760253 0.374963318454795 22
1754073838685 0.3691414107166496 23
1754073917657 0.3663251582614036 24
1754073997226 0.3646666994466212 25
1754074075796 0.3631919760231813 26
1754074154616 0.362209883367522 27
1754074233620 0.3614778527174963 28
1754074312169 0.3599486369608678 29
1754074390276 0.359435542062018 30
1754074467673 0.3603895213165675 31
1754074545321 0.35952170340144585 32
1754074622704 0.3589891877664359 33
1754074700409 0.3589923185696608 34
1754074777719 0.35869630395489077 35
1754074855109 0.35529624052075465 36
1754074932497 0.3535706919254314 37
1754075010937 0.3536626426971152 38
1754075089499 0.352159897486867 39
1754072057862 0.6081059040739014 0
