1754075216740 0.001 0
1754075295661 0.001 1
1754075374217 0.001 2
1754075453198 0.001 3
1754075529885 0.001 4
1754075605682 0.001 5
1754075681600 0.001 6
1754075757274 0.001 7
1754075833073 0.001 8
1754075909150 0.001 9
1754075985145 0.001 10
1754076060864 0.001 11
1754076137043 0.001 12
1754076213319 0.001 13
1754076291114 0.001 14
1754076370361 0.001 15
1754076447896 0.001 16
1754076527558 0.0001 17
1754076605660 0.0001 18
1754076683017 0.0001 19
1754076762599 0.0001 20
1754076839376 0.0001 21
1754076916224 0.0001 22
1754076991970 0.0001 23
1754077067869 0.0001 24
1754077143712 0.0001 25
1754077219524 1e-05 26
1754077295270 1e-05 27
1754077370961 1e-05 28
1754077446946 1e-05 29
1754077522808 1e-05 30
1754075216740 0.001 0
