1754075216650 0.624687794767394 0
1754075295572 0.46908995053419256 1
1754075374131 0.4392347549676427 2
1754075453112 0.42573714214761665 3
1754075529802 0.4173196471371028 4
1754075605600 0.41283054095188815 5
1754075681515 0.41037347651042394 6
1754075757192 0.4083438734628832 7
1754075832990 0.4077393937922356 8
1754075909067 0.4064771930883386 9
1754075985062 0.40559148323714234 10
1754076060780 0.4066961014723266 11
1754076136961 0.40581995280733546 12
1754076213227 0.4064932845798056 13
1754076291027 0.4071091712037809 14
1754076370254 0.40815079334287035 15
1754076447809 0.40764444797820787 16
1754076527472 0.4100440434739613 17
1754076605568 0.3760614991681225 18
1754076682921 0.369198031974784 19
1754076762499 0.3668081545377674 20
1754076839274 0.3650863492898005 21
1754076916138 0.3640402971278891 22
1754076991886 0.3623059121260442 23
1754077067784 0.36201645182916936 24
1754077143626 0.3607978497316034 25
1754077219439 0.36041846804936106 26
1754077295183 0.35632919271011304 27
1754077370872 0.3559704779196441 28
1754077446858 0.3562260519904669 29
1754077522719 0.35622633591484726 30
1754075216650 0.624687794767394 0
