1754075216674 0.7953236798037056 0
1754075295594 0.8375807072688033 1
1754075374153 0.8458945633971827 2
1754075453133 0.8500389544099078 3
1754075529824 0.8524496503058145 4
1754075605621 0.8540114087168328 5
1754075681536 0.8544860256651353 6
1754075757213 0.8547278116576669 7
1754075833011 0.8558167441277347 8
1754075909089 0.8562465858922351 9
1754075985083 0.8563218082010227 10
1754076060802 0.8564203136053874 11
1754076136982 0.8565241920318083 12
1754076213248 0.856624488443525 13
1754076291049 0.8566782186640877 14
1754076370278 0.8562788240245727 15
1754076447832 0.856456133752429 16
1754076527495 0.856203601715785 17
1754076605590 0.8638816502341742 18
1754076682944 0.8660075759610993 19
1754076762523 0.86673830696075 20
1754076839296 0.8676463476882572 21
1754076916160 0.8677914192837761 22
1754076991907 0.8682051419821079 23
1754077067805 0.8679615649822242 24
1754077143648 0.868439763945231 25
1754077219461 0.8682642452247267 26
1754077295206 0.8692797463933589 27
1754077370895 0.8697883924813511 28
1754077446881 0.8697937655034074 29
1754077522743 0.8695698895843967 30
1754075216674 0.7953236798037056 0
