1753994505589 0.001 0
1753994584208 0.001 1
1753994662477 0.001 2
1753994740717 0.001 3
1753994819006 0.001 4
1753994897093 0.001 5
1753994975400 0.001 6
1753995053741 0.001 7
1753995131944 0.001 8
1753995210740 0.001 9
1753995289110 0.001 10
1753995367324 0.001 11
1753995445660 0.0001 12
1753995524123 0.0001 13
1753995602393 0.0001 14
1753995680784 0.0001 15
1753995759428 0.0001 16
1753995837981 0.0001 17
1753995916451 0.0001 18
1753995995174 0.0001 19
1753996073242 0.0001 20
1753996151398 0.0001 21
1753996229132 0.0001 22
1753996307513 0.0001 23
1753996385667 0.0001 24
1753996464005 0.0001 25
1753996542245 0.0001 26
1753996620348 0.0001 27
1753996699558 0.0001 28
1753996777512 0.0001 29
1753996856040 0.0001 30
1753996934214 0.0001 31
1753997012905 0.0001 32
1753997091066 0.0001 33
1753997169606 0.0001 34
1753997248708 0.0001 35
1753997327240 1e-05 36
1753997405752 1e-05 37
1753997484622 1e-05 38
1753997564047 1e-05 39
1753997642328 1e-05 40
1753997720642 1e-05 41
1753997798918 1e-05 42
1753997877301 1e-05 43
1753997955621 1e-05 44
1753998033582 1e-05 45
1753998112055 1e-05 46
1753998190549 1.0000000000000002e-06 47
1753998268490 1.0000000000000002e-06 48
1753998346868 1.0000000000000002e-06 49
1753998425668 1.0000000000000002e-06 50
1753998504844 1.0000000000000002e-06 51
1753998583110 1.0000000000000002e-06 52
1753998661460 1.0000000000000002e-06 53
1753998740062 1.0000000000000002e-06 54
1753998818657 1.0000000000000002e-06 55
1753998897356 1.0000000000000002e-06 56
1753998975766 1.0000000000000002e-07 57
1753999054181 1.0000000000000002e-07 58
1753999132517 1.0000000000000002e-07 59
1753999211162 1.0000000000000002e-07 60
1753999289526 1.0000000000000002e-07 61
1753994505589 0.001 0
