1753994505511 0.613894293758854 0
1753994584132 0.4711173697550308 1
1753994662400 0.4401554257173792 2
1753994740638 0.42570899586247757 3
1753994818926 0.4172414716238572 4
1753994897012 0.41009108275106776 5
1753994975319 0.4061218195995312 6
1753995053663 0.401239080672787 7
1753995131865 0.3977841745287691 8
1753995210660 0.394451690924527 9
1753995289028 0.3943149336599891 10
1753995367226 0.3918776671211131 11
1753995445581 0.3898050142715255 12
1753995524042 0.3650341035758802 13
1753995602308 0.35879275824643425 14
1753995680701 0.35584893983048116 15
1753995759347 0.3549552133913296 16
1753995837901 0.35404529334112933 17
1753995916372 0.35231071078681325 18
1753995995095 0.35141683813071134 19
1753996073162 0.35074577428696424 20
1753996151314 0.34993785767944585 21
1753996229050 0.3498319529737348 22
1753996307433 0.3488535457989641 23
1753996385586 0.3484729902450625 24
1753996463924 0.3475936198293995 25
1753996542161 0.3476428442784463 26
1753996620246 0.34683749001244535 27
1753996699471 0.3471323008505422 28
1753996777425 0.3464921051992343 29
1753996855956 0.3470598123529981 30
1753996934131 0.3453961635410147 31
1753997012821 0.34565269832361994 32
1753997090981 0.3447395793086335 33
1753997169522 0.3450685565016322 34
1753997248605 0.34388303202094167 35
1753997327157 0.3438100576253658 36
1753997405667 0.3417093257018233 37
1753997484538 0.34109653404578283 38
1753997563959 0.3407122399878933 39
1753997642223 0.34080739841450114 40
1753997720556 0.3401604959007556 41
1753997798832 0.34094292593096087 42
1753997877199 0.34067362313142746 43
1753997955536 0.3401025745656246 44
1753998033498 0.3397828559325284 45
1753998111969 0.3395770227311214 46
1753998190464 0.34057206386102806 47
1753998268404 0.3392451780323699 48
1753998346783 0.3393981198923975 49
1753998425582 0.34001619613543305 50
1753998504758 0.3391381722940429 51
1753998583024 0.33946302152059504 52
1753998661373 0.3393533754658495 53
1753998739976 0.33965810190031637 54
1753998818571 0.33928032829645327 55
1753998897260 0.33975887757749657 56
1753998975680 0.3394190093897477 57
1753999054095 0.33941601786272074 58
1753999132428 0.3388064686001659 59
1753999211075 0.3392801183857708 60
1753999289437 0.33909588976943006 61
1753994505511 0.613894293758854 0
