1753994505532 0.7982860059640545 0
1753994584151 0.836165811460656 1
1753994662420 0.8455990471840887 2
1753994740658 0.8491470327485694 3
1753994818947 0.8517941416149514 4
1753994897032 0.8533881381583072 5
1753994975340 0.854795869937046 6
1753995053683 0.8556394343998782 7
1753995131884 0.8572262669138256 8
1753995210679 0.8575719313327781 9
1753995289050 0.8585641494058334 10
1753995367252 0.8587360861116334 11
1753995445601 0.8593109994716528 12
1753995524062 0.866147274534562 13
1753995602330 0.8681155916145036 14
1753995680723 0.868500658195202 15
1753995759367 0.8690827355846296 16
1753995837921 0.8696146647681988 17
1753995916391 0.8696092917461427 18
1753995995116 0.8698707788195471 19
1753996073182 0.8701734590620495 20
1753996151335 0.8701949511502745 21
1753996229070 0.8704421101648623 22
1753996307453 0.8707232983191396 23
1753996385607 0.8700391335106431 24
1753996463944 0.871172841164513 25
1753996542182 0.8711585131056963 26
1753996620282 0.8711656771351046 27
1753996699494 0.8712552275027089 28
1753996777448 0.8716402940834073 29
1753996855978 0.871382389024707 30
1753996934152 0.8716098469584218 31
1753997012844 0.8717387994877719 32
1753997091002 0.8716850692672093 33
1753997169543 0.8721525221861036 34
1753997248626 0.8719232732450367 35
1753997327178 0.8720325246935139 36
1753997405688 0.8728402690093043 37
1753997484559 0.87312862119299 38
1753997563983 0.8727650467005167 39
1753997642248 0.8728832531857543 40
1753997720578 0.873130412200342 41
1753997798854 0.8729441474357252 42
1753997877221 0.873108920112117 43
1753997955558 0.8726038560388291 44
1753998033519 0.8733363780458319 45
1753998111990 0.873148322273863 46
1753998190486 0.8730319067959774 47
1753998268426 0.8735101057589841 48
1753998346804 0.8729781765754149 49
1753998425604 0.8729817585901191 50
1753998504779 0.873232499619411 51
1753998583046 0.8729584754945419 52
1753998661394 0.8730032506783441 53
1753998739997 0.8733936902810986 54
1753998818593 0.8732038435017776 55
1753998897288 0.8733041399134943 56
1753998975701 0.8732181715605942 57
1753999054116 0.8732933938693819 58
1753999132451 0.8736999525383051 59
1753999211097 0.8733775712149299 60
1753999289461 0.8737554737662198 61
1753994505532 0.7982860059640545 0
