1753909494952 0.001 0
1753909564687 0.001 1
1753909635428 0.001 2
1753909705568 0.001 3
1753909775792 0.001 4
1753909845996 0.001 5
1753909916495 0.001 6
1753909986494 0.001 7
1753910058071 0.001 8
1753910133479 0.001 9
1753910208339 0.001 10
1753910281432 0.001 11
1753910355153 0.001 12
1753910429305 0.001 13
1753910505545 0.0001 14
1753910582116 0.0001 15
1753910659114 0.0001 16
1753910731936 0.0001 17
1753910805055 0.0001 18
1753910878875 0.0001 19
1753910953073 0.0001 20
1753911027500 0.0001 21
1753911101383 0.0001 22
1753911175479 0.0001 23
1753911249576 0.0001 24
1753911323331 0.0001 25
1753911397654 0.0001 26
1753911471409 0.0001 27
1753911545745 0.0001 28
1753911620489 0.0001 29
1753911694182 0.0001 30
1753911767760 0.0001 31
1753911840743 0.0001 32
1753911912766 0.0001 33
1753911983378 1e-05 34
1753912054162 1e-05 35
1753912124427 1e-05 36
1753912194819 1e-05 37
1753912265219 1e-05 38
1753912335422 1e-05 39
1753912405806 1e-05 40
1753912476394 1e-05 41
1753912546663 1.0000000000000002e-06 42
1753912622226 1.0000000000000002e-06 43
1753912696235 1.0000000000000002e-06 44
1753912770713 1.0000000000000002e-06 45
1753912845919 1.0000000000000002e-06 46
1753912920520 1.0000000000000002e-06 47
1753912992555 1.0000000000000002e-07 48
1753913064903 1.0000000000000002e-07 49
1753913136447 1.0000000000000002e-07 50
1753909494952 0.001 0
