1753909494876 0.7073256348990064 0
1753909564611 0.5569813809014336 1
1753909635353 0.5316875705377947 2
1753909705492 0.5224195915608496 3
1753909775716 0.5177071610413019 4
1753909845920 0.5158961255164624 5
1753909916419 0.5136641672430725 6
1753909986417 0.5144847938517109 7
1753910057975 0.5134403852371099 8
1753910133389 0.5149851487197451 9
1753910208254 0.5141849534812271 10
1753910281350 0.5154434260976022 11
1753910355058 0.5164081044360603 12
1753910429221 0.5189797009947587 13
1753910505462 0.5186605283616778 14
1753910582032 0.4668581716691097 15
1753910659027 0.45400267814025747 16
1753910731849 0.4478812078259003 17
1753910804972 0.44458109934216644 18
1753910878792 0.44268525968725764 19
1753910952991 0.43939743105434637 20
1753911027418 0.43796731797806737 21
1753911101302 0.4368935984506143 22
1753911175397 0.43430824580263583 23
1753911249483 0.43281074167297073 24
1753911323248 0.4321731513747087 25
1753911397569 0.4311963575640492 26
1753911471324 0.4306629313155688 27
1753911545658 0.42886803918753774 28
1753911620403 0.428724359557194 29
1753911694079 0.4280694316944746 30
1753911767675 0.4274784676362139 31
1753911840657 0.42695711986664286 32
1753911912683 0.4268091197257821 33
1753911983296 0.4256417335597271 34
1753912054066 0.4190573225794764 35
1753912124344 0.41690589500511843 36
1753912194723 0.41736307597852407 37
1753912265117 0.41667757646983805 38
1753912335340 0.4161624270495839 39
1753912405723 0.41695743676791036 40
1753912476308 0.41591162763331446 41
1753912546580 0.4169128626833516 42
1753912622111 0.41581355042499835 43
1753912696119 0.4160162366766975 44
1753912770627 0.4159006476028665 45
1753912845829 0.41578944871074336 46
1753912920428 0.41608336760814985 47
1753912992464 0.41541209557663233 48
1753913064819 0.4149962807773068 49
1753913136362 0.4149893675787489 50
1753909494876 0.7073256348990064 0
