1753909494897 0.7674681424567248 0
1753909564630 0.8089801108633551 1
1753909635372 0.8166330852788151 2
1753909705511 0.81905094520413 3
1753909775736 0.8206753888724713 4
1753909845940 0.8211929899972239 5
1753909916439 0.8221923720996874 6
1753909986437 0.8219022289086497 7
1753910057999 0.8229660872757882 8
1753910133412 0.8223660998128397 9
1753910208275 0.8224878883127815 10
1753910281371 0.8223786368643043 11
1753910355079 0.8222586393717146 12
1753910429243 0.821887900849833 13
1753910505484 0.8218932738718893 14
1753910582054 0.8352631437552052 15
1753910659049 0.8384815839669022 16
1753910731872 0.8406916870393752 17
1753910804993 0.841442119119899 18
1753910878813 0.8417645004432743 19
1753910953013 0.8427925386633712 20
1753911027439 0.8429250732074255 21
1753911101323 0.8432761106484342 22
1753911175418 0.843818785876116 23
1753911249506 0.8448504061109171 24
1753911323270 0.8443399690155728 25
1753911397590 0.8446533953021877 26
1753911471346 0.8449345834564651 27
1753911545681 0.8452121895960383 28
1753911620424 0.8454539755885698 29
1753911694100 0.8452390547063195 30
1753911767697 0.845394872345951 31
1753911840680 0.8456868065443409 32
1753911912704 0.8455148698385407 33
1753911983317 0.8462026166617413 34
1753912054086 0.8479291477491515 35
1753912124366 0.8483482434695394 36
1753912194748 0.8481977988519643 37
1753912265144 0.8481243675505288 38
1753912335361 0.8484807780135938 39
1753912405745 0.8487458471017023 40
1753912476330 0.8488067413516732 41
1753912546602 0.8485130161459313 42
1753912622135 0.848718981991421 43
1753912696150 0.8490592733883172 44
1753912770649 0.8487870402708003 45
1753912845851 0.8488192784031379 46
1753912920451 0.8486437596826335 47
1753912992487 0.8491022575647673 48
1753913064841 0.8491219586456402 49
1753913136384 0.8486294316238168 50
1753909494897 0.7674681424567248 0
