1753902339568 0.001 0
1753902409367 0.001 1
1753902479646 0.001 2
1753902549512 0.001 3
1753902619639 0.001 4
1753902689962 0.001 5
1753902760153 0.001 6
1753902830077 0.001 7
1753902899966 0.0001 8
1753902970243 0.0001 9
1753903040771 0.0001 10
1753903110986 0.0001 11
1753903180878 0.0001 12
1753903250847 0.0001 13
1753903321395 0.0001 14
1753903391497 0.0001 15
1753903461843 0.0001 16
1753903531468 0.0001 17
1753903602307 0.0001 18
1753903671728 0.0001 19
1753903741669 0.0001 20
1753903811729 0.0001 21
1753903881861 0.0001 22
1753903951992 0.0001 23
1753904021862 0.0001 24
1753904091942 0.0001 25
1753904161787 0.0001 26
1753904232389 0.0001 27
1753904302695 1e-05 28
1753904372509 1e-05 29
1753904442334 1e-05 30
1753904512813 1e-05 31
1753904582994 1e-05 32
1753904652910 1e-05 33
1753904723179 1e-05 34
1753904793418 1e-05 35
1753904863573 1e-05 36
1753904933938 1e-05 37
1753905003699 1e-05 38
1753905073607 1e-05 39
1753905143606 1e-05 40
1753905213664 1e-05 41
1753905283615 1.0000000000000002e-06 42
1753905355047 1.0000000000000002e-06 43
1753905428873 1.0000000000000002e-06 44
1753905506657 1.0000000000000002e-06 45
1753905579516 1.0000000000000002e-06 46
1753905652770 1.0000000000000002e-06 47
1753905725472 1.0000000000000002e-07 48
1753902339568 0.001 0
