1753902339477 0.6989468785441668 0
1753902409289 0.5544715875761749 1
1753902479571 0.5299246702423287 2
1753902549436 0.5204452498713956 3
1753902619564 0.5151796436370789 4
1753902689885 0.5132440878674529 5
1753902760066 0.5128752170850626 6
1753902830000 0.512209312730163 7
1753902899891 0.5126127972054553 8
1753902970164 0.4609270677699784 9
1753903040693 0.44934582552663427 10
1753903110909 0.4445538271714489 11
1753903180797 0.44009119254639995 12
1753903250770 0.4369825736024252 13
1753903321317 0.4349366488975231 14
1753903391419 0.4335517283138132 15
1753903461764 0.43069036968496033 16
1753903531388 0.42936022284917486 17
1753903602228 0.42847680237279373 18
1753903671648 0.4278402181842999 19
1753903741592 0.4261419169373776 20
1753903811650 0.4232024923795321 21
1753903881782 0.42315193549455277 22
1753903951912 0.42329423464405563 23
1753904021783 0.4219185118787377 24
1753904091863 0.4209369353939776 25
1753904161708 0.419407696506881 26
1753904232308 0.4192809414946252 27
1753904302615 0.4194445148600576 28
1753904372429 0.4136642650964506 29
1753904442249 0.41185111638707883 30
1753904512730 0.41189551378881956 31
1753904582913 0.4111239525653741 32
1753904652830 0.4103080498383301 33
1753904723080 0.4109358767813868 34
1753904793336 0.41077929575659566 35
1753904863491 0.410863337385348 36
1753904933857 0.41095941026024 37
1753905003618 0.40968104992722626 38
1753905073524 0.4096975414432221 39
1753905143524 0.4104446899302761 40
1753905213582 0.40956515966786977 41
1753905283532 0.40964174592165414 42
1753905354961 0.4091620359545663 43
1753905428779 0.4091135585569906 44
1753905506564 0.4074127455653758 45
1753905579424 0.40854208380764445 46
1753905652679 0.4087119941745431 47
1753905725380 0.4094589366785991 48
1753902339477 0.6989468785441668 0
