1753902339500 0.7695403379630873 0
1753902409308 0.8103663505538691 1
1753902479590 0.8174390385872534 2
1753902549456 0.8203279334461668 3
1753902619583 0.8219362580483393 4
1753902689904 0.8227887775479318 5
1753902760086 0.8227726584817631 6
1753902830021 0.8236090589151869 7
1753902899911 0.8233027966579802 8
1753902970184 0.8374320536585803 9
1753903040712 0.8405842265982502 10
1753903110929 0.8417018151859513 11
1753903180819 0.8427226893766399 12
1753903250790 0.8437399815526243 13
1753903321337 0.8444295193831771 14
1753903391440 0.8446122021330897 15
1753903461785 0.8447895118609462 16
1753903531409 0.8453554701842051 17
1753903602249 0.8457351637428472 18
1753903671669 0.8462079896837976 19
1753903741612 0.84604679902211 20
1753903811670 0.8468223052055629 21
1753903881802 0.8474939329625948 22
1753903951932 0.846970958815786 23
1753904021804 0.8473452793523717 24
1753904091884 0.8473363243156113 25
1753904161729 0.8480276531535162 26
1753904232329 0.8475279621022844 27
1753904302635 0.8480079520726432 28
1753904372449 0.8496467237998012 29
1753904442271 0.8498723907261639 30
1753904512751 0.8496932899909554 31
1753904582934 0.8503505896891707 32
1753904652851 0.8505332724390834 33
1753904723102 0.8505350634464355 34
1753904793357 0.8507177461963481 35
1753904863512 0.8501535788804413 36
1753904933878 0.8504526771082396 37
1753905003639 0.8505905846743501 38
1753905073546 0.8504974522920417 39
1753905143545 0.8507087911595878 40
1753905213604 0.8508395346962899 41
1753905283554 0.8504222299832541 42
1753905354983 0.8508108785786566 43
1753905428804 0.8510974397549902 44
1753905506588 0.8514144480563093 45
1753905579448 0.8509434131227108 46
1753905652701 0.8510007253579775 47
1753905725405 0.8509272940565421 48
1753902339500 0.7695403379630873 0
