1753981743549 0.001 0
1753981824443 0.001 1
1753981905665 0.001 2
1753981988391 0.001 3
1753982071010 0.001 4
1753982152341 0.001 5
1753982235062 0.001 6
1753982316765 0.001 7
1753982398078 0.001 8
1753982480444 0.001 9
1753982563733 0.001 10
1753982650118 0.001 11
1753982735429 0.001 12
1753982819320 0.001 13
1753982906415 0.001 14
1753982989776 0.001 15
1753983072021 0.001 16
1753983161900 0.001 17
1753983251284 0.0001 18
1753983336765 0.0001 19
1753983421547 0.0001 20
1753983505699 0.0001 21
1753983587125 0.0001 22
1753983672796 0.0001 23
1753983757860 0.0001 24
1753983843151 0.0001 25
1753983923759 0.0001 26
1753984007289 0.0001 27
1753984088370 0.0001 28
1753984167516 1e-05 29
1753984247019 1e-05 30
1753984329660 1e-05 31
1753984411131 1e-05 32
1753984493839 1e-05 33
1753984574164 1e-05 34
1753984654248 1e-05 35
1753984736603 1e-05 36
1753984816385 1e-05 37
1753984897547 1e-05 38
1753984979480 1e-05 39
1753985059652 1.0000000000000002e-06 40
1753985139548 1.0000000000000002e-06 41
1753985220584 1.0000000000000002e-06 42
1753985311161 1.0000000000000002e-06 43
1753985398425 1.0000000000000002e-06 44
1753985487337 1.0000000000000002e-06 45
1753985577080 1.0000000000000002e-07 46
1753981743549 0.001 0
