1753981743489 0.7933535717164119 0
1753981824380 0.8354422444904136 1
1753981905603 0.8439907225819162 2
1753981988326 0.8486437596826335 3
1753982070945 0.8514484771959989 4
1753982152268 0.853194709364282 5
1753982234998 0.8547869149002857 6
1753982316701 0.8559116675173951 7
1753982398013 0.8570794043109548 8
1753982480382 0.8573641744799363 9
1753982563669 0.8579426698546597 10
1753982650052 0.8583653475897518 11
1753982735364 0.8592411501849215 12
1753982819219 0.8596745739641262 13
1753982906349 0.8595760685597614 14
1753982989713 0.8601205347947953 15
1753983071956 0.8606650010298292 16
1753983161833 0.8608441017650378 17
1753983251197 0.8605020193607895 18
1753983336701 0.867092926416463 19
1753983421481 0.8687478172097897 20
1753983505630 0.8696039187240864 21
1753983587062 0.8697579453563656 22
1753983672728 0.8701233108561911 23
1753983757793 0.8703059936061037 24
1753983843086 0.8707161342897313 25
1753983923692 0.8707376263779563 26
1753984007208 0.8703686788634267 27
1753984088298 0.8709668753190232 28
1753984167452 0.8706803141426895 29
1753984246949 0.8716886512819135 30
1753984329593 0.8715758178187322 31
1753984411065 0.8720217786494013 32
1753984493771 0.8718731250391782 33
1753984574100 0.8716528311348718 34
1753984654168 0.8720325246935139 35
1753984736533 0.8719286462670929 36
1753984816317 0.8721167020390619 37
1753984897480 0.8722402815463558 38
1753984979417 0.8717638735907011 39
1753985059581 0.8721650592375682 40
1753985139481 0.8719698394361909 41
1753985220518 0.8724426653771413 42
1753985311091 0.8721113290170056 43
1753985398350 0.8720110326052889 44
1753985487239 0.8722295355022432 45
1753985576983 0.8720826728993722 46
1753981743489 0.7933535717164119 0
