1753981743469 0.6311818421266162 0
1753981824359 0.4762022129937693 1
1753981905583 0.4453054582072989 2
1753981988304 0.4297268731710979 3
1753982070923 0.4189113127366046 4
1753982152232 0.41193509381098986 5
1753982234977 0.40716873765093387 6
1753982316680 0.40298031533274775 7
1753982397992 0.3991573969351319 8
1753982480360 0.3966259739554757 9
1753982563647 0.39496271832953334 10
1753982650030 0.39334676577241257 11
1753982735340 0.39136123523108424 12
1753982819197 0.38915704985576355 13
1753982906326 0.3884573126263749 14
1753982989691 0.38781363975720606 15
1753983071934 0.38677416362358996 16
1753983161810 0.3869597075820991 17
1753983251174 0.3867220830532468 18
1753983336679 0.36054112334366933 19
1753983421459 0.35587754040590136 20
1753983505607 0.35415014989075877 21
1753983587039 0.3519440255269235 22
1753983672705 0.35139889231979543 23
1753983757771 0.3497314235396524 24
1753983843065 0.3488941283868704 25
1753983923669 0.3485463405360719 26
1753984007186 0.3485179833426907 27
1753984088274 0.3468114035133065 28
1753984167429 0.3478407122246433 29
1753984246924 0.34485239866542194 30
1753984329570 0.343589987457644 31
1753984411043 0.3443736506930135 32
1753984493748 0.3432485647454727 33
1753984574078 0.3437657398989145 34
1753984654144 0.3434591862216188 35
1753984736510 0.3433334345808326 36
1753984816294 0.34278441403765475 37
1753984897457 0.3431951053653213 38
1753984979395 0.3430225401721808 39
1753985059558 0.3433014858249122 40
1753985139457 0.342501144230031 41
1753985220495 0.34256083799568904 42
1753985311068 0.34294774377947757 43
1753985398324 0.3429530947269823 44
1753985487214 0.3422407335784553 45
1753985576958 0.343394618333018 46
1753981743469 0.6311818421266162 0
