1753893045456 0.001 0
1753893123209 0.001 1
1753893200744 0.001 2
1753893279134 0.001 3
1753893356385 0.001 4
1753893434622 0.001 5
1753893512093 0.001 6
1753893591217 0.001 7
1753893668375 0.001 8
1753893744949 0.001 9
1753893820542 0.001 10
1753893896306 0.001 11
1753893975042 0.001 12
1753894053285 0.001 13
1753894133827 0.001 14
1753894212054 0.0001 15
1753894290739 0.0001 16
1753894368934 0.0001 17
1753894448281 0.0001 18
1753894527429 0.0001 19
1753894606751 0.0001 20
1753894686546 0.0001 21
1753894765227 0.0001 22
1753894843743 0.0001 23
1753894922049 0.0001 24
1753894999546 0.0001 25
1753895080588 0.0001 26
1753895162099 0.0001 27
1753895244089 0.0001 28
