1753893045371 0.6875082648237173 0
1753893123105 0.5424754026054113 1
1753893200659 0.523082506179099 2
1753893279048 0.512906958309072 3
1753893356303 0.5101659131433378 4
1753893434525 0.507613358026084 5
1753893512013 0.5053934333378951 6
1753893591110 0.504791446706495 7
1753893668290 0.5033025724561524 8
1753893744867 0.506175711130992 9
1753893820460 0.5052803009543503 10
1753893896224 0.5071812173838096 11
1753893974961 0.5059091724462615 12
1753894053202 0.5067857481525159 13
1753894133745 0.5097515404333706 14
1753894211965 0.5100456235178925 15
1753894290644 0.45941612286443756 16
1753894368844 0.4478295506465738 17
1753894448194 0.44227249441069855 18
1753894527334 0.4394060491625713 19
1753894606662 0.43660400838729024 20
1753894686449 0.43381045116741984 21
1753894765130 0.43255553664414886 22
1753894843651 0.43108422760960297 23
1753894921954 0.4297369949900084 24
1753894999449 0.4279478219723068 25
1753895080488 0.4265328290910118 26
1753895161996 0.42562072621583186 27
1753895243982 0.4256331406371888 28
