1753893045390 0.7737058157694898 0
1753893123128 0.8134590861547719 1
1753893200681 0.8193336007909102 2
1753893279070 0.8224177209748829 3
1753893356324 0.8235424756064362 4
1753893434547 0.8247908099666156 5
1753893512033 0.8253066210078375 6
1753893591136 0.8254337827575832 7
1753893668312 0.8255430344017308 8
1753893744888 0.825390798504148 9
1753893820482 0.8257400455633086 10
1753893896245 0.8253370681873541 11
1753893974981 0.8259997420944794 12
1753894053224 0.8255537804650896 13
1753894133766 0.8250200593182697 14
1753894211992 0.8248355852306105 15
1753894290668 0.8377917556201911 16
1753894368866 0.8413218374335535 17
1753894448214 0.8426042009943691 18
1753894527357 0.8437038814780852 19
1753894606685 0.843856117375668 20
1753894686480 0.8445152092616738 21
1753894765159 0.8449522158382646 22
1753894843679 0.8452029573166363 23
1753894921985 0.846306219821472 24
1753894999479 0.8466715859756709 25
1753895080520 0.8467683005459 26
1753895162029 0.8472715745132033 27
1753895244009 0.8465569612998438 28
